42 312
80 103
84 103
97 312
113 312
15 131
142 312
15 156
172 173
175 312
0 176
103 182
193 312
207 312
9 226
9 225
6 227
160 227
22 239
40 269
71 276
277 3091
9 280
286 312
31 282
103 292
122 292
306 312
9 309
4 314
192 318
307 318
251 323
312 330
21 334
19 338
229 339
291 353
312 351
349 350
9 357
291 385
353 385
82 389
31 389
105 386
392 1023
52 391
250 390
120 393
15 395
52 401
291 399
353 399
307 407
291 407
291 408
353 408
385 408
21 411
312 412
79 413
52 415
52 431
41 437
436 805
4 436
12 443
106 442
422 446
12 442
106 443
394 445
18 448
32 451
71 451
40 456
52 460
82 463
68 466
31 463
104 461
161 471
200 476
137 482
49 480
9 480
82 486
75 490
52 491
9 492
61 492
19 496
403 501
49 513
61 513
41 519
120 517
291 520
353 521
291 521
385 521
31 529
471 1777
161 1777
388 1777
8 1777
32 537
71 537
384 538
15 539
16 539
291 541
385 541
353 541
49 547
9 547
197 546
259 551
117 549
8 550
19 552
457 558
458 558
14 559
16 561
16 567
32 567
21 568
71 567
137 566
117 573
62 574
721 1834
186 1834
606 1834
353 1834
931 1834
810 1834
127 1834
220 1834
521 1834
407 1834
298 1834
291 1834
148 1834
602 1834
77 582
95 578
95 586
274 583
95 592
91 592
49 589
52 589
91 589
162 589
164 589
52 590
162 590
164 590
510 590
91 590
424 592
26 592
52 597
279 596
162 597
23 600
162 600
52 600
155 600
62 599
61 599
49 599
9 599
48 604
312 603
304 606
372 605
23 606
274 606
197 605
3 613
49 615
511 616
141 617
9 616
213 616
198 620
482 627
137 627
99 624
18 628
491 630
440 630
415 630
510 630
402 630
38 628
202 628
362 630
460 630
503 630
326 630
313 630
186 630
51 630
166 630
307 628
162 630
204 630
69 630
52 630
163 630
155 630
240 630
285 630
133 632
166 632
51 632
52 632
69 640
405 647
275 643
141 643
108 643
171 648
99 645
106 643
457 651
145 652
49 653
458 651
459 657
14 654
257 657
404 657
161 659
109 659
471 659
239 659
25 660
49 662
401 664
326 664
460 664
119 664
313 664
23 664
284 666
119 666
69 666
52 666
28 666
22 665
285 664
362 664
52 668
11 667
69 664
632 664
155 664
162 664
52 664
166 664
240 664
600 664
208 667
313 668
163 664
204 668
177 669
62 670
391 679
208 674
11 674
630 679
640 679
220 679
52 682
69 682
636 683
169 691
111 694
182 694
118 693
164 695
103 694
84 694
508 701
68 701
38 703
124 703
202 703
703 3090
28 703
220 703
18 703
21 710
16 714
575 714
144 714
620 714
696 714
395 714
169 724
291 723
251 720
198 724
446 724
691 724
16 719
385 723
353 723
519 725
519 726
38 731
52 729
48 728
432 736
309 736
52 734
63 734
155 734
162 734
163 734
615 736
336 736
313 734
225 736
83 736
62 736
280 736
9 736
33 736
49 736
55 736
56 736
101 741
105 739
237 740
703 746
359 746
354 742
385 746
220 746
391 746
127 746
630 746
679 746
259 746
353 746
472 746
220 748
11 749
92 749
284 749
208 749
202 748
18 748
192 748
351 749
666 749
632 747
630 747
3 752
364 762
367 762
283 764
224 767
264 765
324 765
52 772
353 772
19 776
155 777
496 776
78 774
52 777
163 777
51 774
251 776
162 777
749 780
78 780
20 778
679 780
92 780
284 780
587 780
8 785
443 782
106 782
12 782
97 786
52 789
63 789
632 789
186 789
252 789
69 789
297 792
57 792
463 793
371 793
82 793
773 790
490 792
677 795
95 795
253 795
586 795
592 795
763 795
484 797
61 797
248 797
397 797
49 802
614 801
94 800
624 801
167 801
706 800
633 800
17 800
645 801
231 800
267 800
319 806
314 805
4 805
335 808
602 806
472 806
300 806
353 810
274 810
304 810
177 809
189 810
23 810
150 814
49 817
177 815
691 815
621 818
571 815
227 819
781 820
6 819
160 819
681 823
3 826
220 823
63 824
52 824
628 823
752 826
23 824
265 828
455 829
251 833
153 829
732 835
296 832
48 832
279 835
52 834
793 840
75 839
171 836
198 837
199 839
754 840
180 844
384 848
312 845
97 845
107 845
31 849
175 845
75 851
793 852
371 852
840 852
846 855
610 856
611 856
698 856
162 860
90 859
52 860
163 860
23 860
155 860
189 860
63 860
313 860
199 862
128 859
241 867
52 864
104 867
63 864
326 864
390 866
49 868
164 864
362 864
51 868
287 864
402 864
503 864
637 864
250 866
312 868
285 864
552 873
11 879
208 879
45 876
662 876
625 871
300 883
301 883
301 885
871 880
625 880
322 882
481 881
206 884
444 884
747 884
78 888
21 889
28 888
59 887
312 894
97 894
207 894
163 893
133 902
457 901
406 902
508 902
9 904
20 904
150 907
30 907
5 910
198 910
50 908
36 909
303 909
730 915
846 915
497 913
855 915
195 918
24 918
141 918
58 917
48 920
97 923
367 926
766 925
7 932
714 932
48 929
298 928
406 928
575 932
153 928
407 931
144 932
571 932
298 931
407 928
27 934
368 935
456 940
316 940
269 940
36 940
662 942
49 942
108 942
16 939
459 939
233 939
248 939
386 939
909 940
45 942
401 943
370 947
384 946
384 945
313 951
52 951
162 951
63 951
69 951
119 951
155 951
163 951
362 951
326 951
597 951
460 951
789 951
510 951
630 951
80 952
204 953
52 953
115 956
63 953
162 953
240 953
294 956
433 956
78 958
69 958
389 956
338 955
793 962
861 962
927 962
522 967
251 966
548 968
245 970
388 971
748 971
197 972
291 974
127 974
354 974
214 977
82 976
371 976
63 978
52 978
116 980
211 981
432 980
49 980
102 982
103 982
111 982
182 982
164 983
312 987
862 985
533 985
319 988
97 987
107 987
175 987
301 988
300 988
793 996
291 997
385 997
812 990
927 991
407 997
520 997
82 996
371 996
962 996
353 997
927 996
646 990
146 990
505 990
127 997
840 996
347 1001
8 1003
239 1003
161 1003
52 1005
630 1005
632 1005
166 1005
664 1005
789 1005
163 1005
370 1006
847 1016
1008 1955
237 1007
497 1010
522 1010
679 1012
51 1012
92 1012
999 1018
369 1017
414 1024
171 1024
9 1024
49 1024
73 1024
497 1022
248 1024
312 1021
522 1022
171 1028
82 1026
75 1028
105 1025
386 1025
912 1033
543 1033
835 1033
49 1033
817 1033
413 1033
713 1033
325 1033
744 1033
45 1035
876 1035
49 1035
662 1035
756 1035
875 1035
942 1035
1035 1140
718 1038
722 1038
423 1037
83 1037
727 1038
268 1037
25 1042
395 1043
139 1043
155 1040
178 1042
162 1040
204 1040
240 1040
63 1040
52 1040
299 1040
380 1040
401 1040
192 1053
388 1053
219 1044
472 1053
585 1053
18 1053
186 1053
202 1053
86 1044
630 1053
703 1053
746 1053
360 1053
748 1053
359 1053
220 1053
628 1053
43 1049
313 1048
862 1047
199 1047
163 1048
401 1048
152 1050
134 1052
369 1055
338 1054
78 1057
134 1058
815 1059
220 1057
28 1057
75 1061
150 1061
348 1061
163 1066
344 1066
63 1066
643 1064
32 1070
5 1070
15 1070
52 1068
131 1070
451 1070
71 1070
133 1073
543 1073
340 1073
279 1073
83 1073
73 1073
49 1073
9 1073
130 1073
167 1074
105 1075
415 1076
386 1075
233 1075
401 1076
163 1076
313 1076
63 1076
52 1076
503 1076
397 1078
49 1078
695 1077
164 1077
407 1081
220 1081
298 1081
406 1081
125 1080
628 1081
681 1081
153 1081
127 1081
998 1079
127 1083
353 1083
252 1083
291 1083
748 1081
319 1084
300 1084
23 1086
677 1085
806 1084
51 1091
359 1084
4 1087
805 1087
164 1087
314 1087
436 1087
423 1095
248 1094
279 1095
130 1094
670 1093
618 1097
565 1098
975 1099
298 1100
127 1100
504 1099
72 1107
63 1106
52 1106
1107 1458
343 1107
64 1107
1107 1457
78 1104
324 1103
997 1106
401 1106
385 1106
69 1106
186 1104
678 1108
427 1109
291 1113
789 1116
119 1116
63 1116
702 1115
353 1113
503 1111
997 1113
153 1113
974 1113
343 1115
677 1121
1120 3088
45 1121
484 1121
49 1121
353 1118
291 1118
127 1118
108 1121
181 1125
177 1125
327 1126
453 1125
78 1127
75 1123
1008 1126
150 1122
479 1125
63 1129
301 1134
3 1128
752 1128
319 1134
826 1128
54 1132
300 1134
155 1129
162 1129
328 1134
52 1129
163 1129
262 1130
284 1135
402 1129
49 1132
108 1136
942 1136
45 1136
875 1136
662 1136
756 1136
847 1136
150 1138
876 1136
57 1141
291 1144
376 1142
520 1144
407 1144
127 1144
413 1144
1081 1149
169 1148
1118 1149
1106 1149
24 1148
1083 1149
591 1147
507 1147
698 1147
748 1149
746 1149
935 1147
856 1147
610 1147
353 1149
259 1149
766 1151
385 1149
997 1149
98 1156
490 1155
697 1152
607 1155
670 1153
401 1153
49 1155
697 1153
397 1159
1160 1721
503 1160
163 1160
401 1160
285 1160
63 1160
61 1159
52 1160
1121 1159
484 1159
438 1159
313 1160
207 1163
97 1163
401 1162
163 1162
63 1162
312 1163
259 1167
353 1167
407 1167
77 1164
541 1167
127 1167
927 1171
4 1166
962 1171
793 1171
166 1169
133 1169
163 1169
52 1169
371 1171
363 1174
388 1174
785 1178
38 1174
401 1172
126 1176
267 1173
126 1177
94 1173
313 1172
706 1173
162 1172
155 1172
91 1172
63 1172
52 1172
786 1175
312 1175
207 1175
163 1172
97 1175
17 1173
76 1181
51 1180
165 1180
770 1184
593 1181
421 1182
181 1184
522 1182
220 1180
847 1185
95 1185
375 1191
571 1192
24 1192
548 1189
548 1190
252 1195
595 1192
696 1192
387 1191
97 1188
191 1191
318 1202
220 1202
234 1199
300 1201
448 1201
472 1201
602 1201
587 1201
671 1201
806 1201
284 1201
319 1201
353 1202
568 1201
45 1198
353 1200
170 1199
625 1197
871 1197
874 1197
880 1197
259 1202
617 1198
385 1202
997 1202
957 1197
521 1202
291 1202
878 1197
304 1200
359 1202
3 1205
613 1205
543 1207
355 1206
194 1210
354 1210
847 1209
490 1211
1016 1209
563 1211
483 1213
135 1214
421 1216
522 1216
537 1216
580 1216
209 1215
98 1219
770 1222
181 1222
1062 1221
670 1218
14 1225
305 1225
566 1225
425 1223
324 1224
236 1226
428 1223
372 1223
197 1223
264 1224
164 1226
857 1223
641 1229
174 1229
92 1234
1070 1231
15 1231
14 1231
16 1231
679 1234
666 1234
284 1234
16 1230
726 1236
605 1233
725 1236
1166 1236
531 1242
43 1241
206 1240
444 1240
670 1240
519 1236
98 1237
747 1240
197 1233
687 1238
1171 1238
738 1240
996 1238
976 1238
962 1238
927 1238
371 1238
861 1238
852 1238
840 1238
793 1238
898 1238
8 1243
785 1243
197 1247
196 1247
15 1249
5 1249
303 1247
605 1247
16 1249
604 1246
296 1246
380 1245
565 1248
643 1253
310 1255
661 1251
140 1251
440 1254
732 1256
358 1262
560 1257
542 1262
580 1257
197 1262
372 1262
747 1259
738 1259
522 1257
990 1262
503 1259
807 1259
158 1266
196 1265
197 1265
137 1268
1193 1268
365 1270
235 1269
697 1269
1013 1273
8 1270
22 1270
161 1270
239 1270
100 1272
471 1270
961 1273
484 1276
1152 1269
1273 2203
1268 1273
677 1276
1193 1273
395 1271
785 1270
49 1276
735 1275
21 1280
240 1279
401 1279
69 1279
1071 1278
162 1279
659 1281
298 1284
101 1286
784 1283
133 1284
52 1285
1090 1281
285 1285
127 1284
353 1284
439 1282
521 1284
97 1284
402 1285
362 1285
163 1285
162 1285
155 1285
69 1285
407 1284
372 1287
103 1288
548 1288
430 1290
440 1292
402 1292
407 1295
431 1295
401 1292
313 1292
385 1295
164 1292
240 1292
202 1295
748 1295
163 1292
217 1292
353 1295
298 1295
388 1295
153 1295
1013 1296
961 1296
497 1296
23 1292
52 1292
521 1295
63 1292
155 1292
162 1292
522 1296
913 1296
23 1294
127 1295
404 1298
630 1305
313 1305
326 1305
789 1305
127 1302
632 1305
192 1302
664 1305
166 1305
1116 1305
520 1302
423 1303
69 1305
1127 1305
52 1305
407 1302
1065 1301
362 1305
392 1305
223 1306
267 1308
76 1307
593 1307
187 1308
4 1313
1166 1313
241 1313
104 1313
73 1311
201 1310
215 1316
164 1314
161 1317
239 1317
148 1319
16 1318
8 1317
401 1315
365 1317
471 1317
127 1319
1268 1318
996 1325
1304 1325
262 1325
1171 1325
713 1322
413 1322
38 1322
1033 1322
1026 1325
330 1324
1325 1387
21 1323
322 1322
255 1321
960 1325
262 1320
10 1321
449 1325
852 1325
255 1325
840 1325
793 1325
731 1322
107 1324
207 1324
272 1324
146 1320
255 1320
744 1322
83 1326
413 1326
543 1326
1256 1326
749 1331
11 1331
413 1330
912 1330
950 1327
49 1330
208 1331
473 1328
36 1328
1 1328
284 1331
630 1335
101 1334
420 1335
57 1332
433 1332
346 1334
512 1335
43 1334
97 1333
246 1329
212 1333
312 1333
259 1335
115 1332
821 1338
444 1338
630 1338
747 1338
807 1338
206 1338
738 1338
478 1341
377 1339
921 1341
570 1341
95 1339
1185 1339
151 1340
305 1336
296 1337
354 1342
413 1336
452 1343
751 1343
425 1348
372 1348
1032 1367
1031 1367
488 1367
428 1348
380 1349
313 1349
298 1353
314 1351
155 1349
314 1352
415 1349
436 1352
407 1353
931 1353
240 1349
668 1349
162 1349
63 1349
52 1349
532 1349
281 1359
579 1359
267 1358
111 1355
298 1356
291 1356
353 1356
407 1356
127 1356
403 1364
1338 1362
678 1365
890 1365
206 1362
444 1362
384 1363
30 1363
821 1362
662 1366
1140 1366
1035 1366
49 1366
45 1366
756 1366
942 1366
472 1372
613 1371
503 1371
401 1371
1201 1372
614 1372
801 1372
624 1372
448 1372
1084 1372
1370 1606
645 1372
600 1371
329 1369
490 1369
1370 1757
1064 1370
1147 1370
1370 1545
677 1370
1378 1566
721 1377
1041 1376
298 1377
1356 1377
1220 1376
338 1378
26 1374
804 1379
127 1377
69 1385
510 1385
155 1385
503 1385
401 1385
362 1385
326 1385
285 1385
163 1385
162 1385
52 1385
63 1385
759 1387
956 1386
433 1386
294 1386
115 1386
597 1385
313 1385
754 1387
840 1387
996 1387
1332 1386
472 1389
671 1389
602 1389
448 1389
568 1389
1135 1389
595 1388
169 1388
531 1388
806 1389
359 1389
1201 1389
24 1388
327 1396
240 1395
182 1396
23 1395
421 1394
829 1391
153 1391
57 1391
522 1394
338 1393
19 1393
997 1390
585 1390
385 1390
353 1390
37 1390
521 1390
1074 1397
37 1397
357 1397
409 1397
1083 1397
670 1397
1259 1397
198 1399
111 1400
822 1397
1111 1397
1357 1404
246 1403
277 1402
1110 1402
1180 1407
979 1407
1070 1409
354 1411
98 1412
71 1409
131 1409
477 1410
188 1410
576 1408
234 1408
214 1410
5 1409
32 1409
62 1413
628 1415
54 1413
49 1413
226 1413
543 1416
163 1418
1380 1427
807 1418
747 1418
309 1413
49 1416
738 1418
912 1416
1033 1416
83 1416
110 1416
38 1416
325 1416
413 1416
170 1414
1322 1416
653 1416
713 1416
817 1416
298 1415
175 1415
1169 1423
1195 1423
1305 1423
119 1423
133 1423
951 1423
902 1423
240 1423
344 1423
326 1423
1160 1423
391 1423
163 1423
392 1423
401 1423
162 1423
824 1423
313 1423
1150 1423
789 1423
1127 1423
166 1423
979 1423
780 1423
777 1423
747 1423
738 1423
52 1423
682 1423
23 1423
1023 1423
63 1423
69 1423
1005 1423
1083 1423
1048 1423
1074 1423
189 1423
1116 1423
155 1423
1129 1423
440 1423
285 1423
503 1423
199 1420
396 1421
1423 1820
1423 1751
1423 1739
342 1421
1423 1722
1423 1568
1395 1423
1423 1667
1423 1581
1423 1470
460 1423
1423 1477
1423 1484
1423 1511
1423 1681
1423 1551
1418 1423
118 1419
1423 1476
327 1419
288 1419
508 1423
510 1423
521 1423
597 1423
600 1423
601 1423
630 1423
632 1423
664 1423
362 1423
860 1423
406 1423
1338 1423
1385 1423
1423 1732
1371 1423
413 1421
668 1423
357 1422
605 1424
197 1424
179 1425
290 1426
1262 1424
447 1425
77 1429
464 1428
310 1428
80 1428
57 1425
1 1430
924 1430
1013 1430
1193 1430
961 1430
1030 1433
104 1432
241 1432
1273 1430
127 1435
201 1437
107 1440
885 1440
1168 1441
944 1441
160 1441
894 1438
281 1439
1212 1440
300 1440
1389 1442
568 1440
319 1440
579 1439
568 1442
850 1440
883 1440
195 1443
201 1443
192 1446
521 1446
407 1446
385 1446
353 1446
298 1446
291 1446
997 1446
127 1446
37 1446
965 1451
370 1448
502 1451
246 1448
201 1449
327 1451
640 1452
288 1451
679 1452
118 1451
16 1450
746 1452
69 1452
300 1452
319 1452
587 1452
246 1451
328 1454
319 1454
301 1454
573 1456
117 1456
234 1456
83 1453
325 1453
543 1453
1256 1453
300 1454
1033 1453
1329 1459
246 1459
617 1462
45 1462
756 1462
64 1458
1457 1458
343 1458
662 1462
108 1462
1459 1479
320 1461
702 1458
875 1462
712 1458
343 1457
876 1462
942 1462
1115 1457
1140 1462
1366 1462
64 1457
702 1457
1035 1462
747 1470
312 1469
738 1470
112 1470
807 1470
822 1470
234 1471
302 1471
350 1471
1126 1464
543 1467
423 1467
78 1469
413 1467
413 1468
1277 1460
577 1463
670 1470
234 1463
1433 1464
1416 1468
789 1472
964 1472
69 1472
284 1472
793 1474
1387 1474
1325 1474
1171 1474
754 1474
1026 1474
840 1474
976 1474
996 1474
601 1476
52 1482
155 1484
162 1484
133 1477
682 1484
510 1484
777 1484
251 1487
1487 1489
597 1484
1487 1488
720 1487
966 1487
630 1484
1385 1484
1116 1484
1048 1484
979 1484
951 1484
789 1484
1160 1484
323 1487
323 1489
340 1477
367 1478
406 1477
1488 1489
296 1480
966 1488
720 1488
323 1488
251 1488
508 1476
508 1477
577 1486
75 1483
255 1483
406 1476
676 1483
836 1483
262 1483
1320 1483
234 1486
576 1486
1130 1483
938 1491
437 1494
82 1490
41 1495
41 1494
437 1495
211 1492
1293 1495
1416 1497
234 1493
924 1485
1411 1491
328 1498
234 1502
319 1498
328 1499
300 1498
568 1498
576 1502
26 1504
26 1505
1509 1845
52 1511
63 1511
1012 1509
367 1509
19 1509
417 1510
6 1509
916 1510
478 1508
179 1508
1072 1517
115 1508
503 1511
597 1511
656 1510
277 1515
50 1518
296 1516
27 1513
429 1514
671 1521
732 1520
670 1519
336 1519
38 1521
284 1521
448 1521
472 1521
568 1521
587 1521
746 1523
1084 1521
602 1521
1201 1521
1389 1521
1498 1521
370 1520
822 1519
1520 1598
33 1519
49 1519
127 1519
78 1523
1135 1521
755 1525
158 1525
543 1524
1131 1530
159 1525
384 1524
118 1528
351 1531
397 1528
924 1528
208 1531
284 1531
700 1529
749 1531
961 1529
234 1526
88 1526
35 1528
1079 1527
11 1531
1466 1527
1187 1527
598 1526
891 1526
1408 1526
588 1526
1502 1526
1139 1527
627 1529
1293 1529
1013 1529
875 1534
210 1535
367 1536
876 1534
662 1534
1035 1534
354 1541
1512 1543
1253 1545
643 1545
617 1540
677 1540
354 1538
424 1545
677 1545
842 1545
844 1545
1064 1545
1147 1545
1299 1545
484 1540
1344 1544
677 1539
522 1548
1399 1547
1148 1547
910 1547
595 1547
422 1547
531 1547
24 1547
257 1546
642 1548
657 1546
358 1548
421 1548
530 1548
537 1548
560 1548
872 1548
990 1548
258 1546
632 1551
630 1551
597 1551
460 1551
362 1551
392 1551
682 1551
1385 1551
789 1551
738 1551
1338 1551
1305 1551
1116 1551
664 1551
747 1551
668 1551
1020 1550
1395 1551
401 1551
313 1551
285 1551
163 1551
438 1549
162 1551
326 1551
69 1551
63 1551
52 1551
240 1551
1470 1551
155 1551
71 1552
156 1552
358 1552
522 1552
941 1554
990 1552
547 1552
371 1557
613 1556
210 1555
284 1558
472 1558
1392 1558
477 1558
359 1558
703 1558
677 1561
842 1561
844 1561
1064 1561
1147 1561
1253 1561
1299 1561
1545 1561
618 1562
449 1565
134 1565
807 1564
738 1564
20 1564
747 1564
313 1568
155 1568
285 1568
162 1568
163 1568
189 1568
52 1568
326 1568
503 1568
401 1568
460 1568
362 1568
597 1568
682 1568
63 1568
600 1568
23 1568
1217 1574
506 1574
158 1574
221 1571
215 1572
401 1569
420 1573
789 1581
664 1581
1169 1581
1371 1581
632 1581
1581 1732
630 1581
240 1581
391 1581
52 1581
1385 1581
1551 1581
1568 1581
824 1581
310 1578
166 1581
1005 1581
1581 1722
1074 1581
210 1578
269 1576
456 1576
545 1578
1127 1581
677 1577
395 1579
536 1579
106 1577
92 1580
284 1582
587 1582
609 1576
1581 1739
1581 1820
63 1580
384 1584
358 1585
483 1583
170 1584
362 1588
52 1588
380 1588
63 1588
313 1588
326 1588
402 1588
668 1588
682 1588
284 1586
415 1588
503 1588
600 1588
978 1588
401 1588
753 1593
1566 1589
75 1590
216 1587
350 1594
430 1592
804 1594
86 1595
219 1595
1044 1595
1046 1595
8 1596
493 1591
785 1596
550 1596
1050 1600
1013 1597
322 1602
112 1599
321 1602
235 1600
370 1598
753 1599
732 1598
1193 1597
1268 1597
961 1597
604 1604
413 1603
49 1603
262 1603
83 1603
359 1605
602 1605
1389 1605
98 1612
152 1611
756 1610
310 1607
807 1615
747 1615
167 1615
738 1615
289 1614
112 1615
138 1614
572 1619
1256 1619
1050 1619
152 1619
423 1619
1176 1619
255 1618
350 1618
804 1618
617 1619
75 1618
1225 1622
245 1622
418 1622
146 1622
1258 1622
719 1622
970 1622
1293 1622
1230 1622
372 1622
1247 1622
1231 1622
14 1622
680 1623
5 1622
254 1622
16 1622
156 1622
7 1622
1457 1625
1458 1625
438 1629
64 1625
712 1625
343 1625
1115 1625
1107 1625
129 1627
702 1625
199 1627
1034 1628
669 1628
499 1628
1047 1627
369 1627
94 1627
315 1627
75 1627
519 1633
603 1631
1268 1633
312 1631
97 1631
563 1634
847 1638
677 1638
424 1638
337 1638
26 1638
1634 1635
1191 1636
1493 1635
1228 1635
1227 1634
1227 1635
234 1634
1253 1638
1209 1638
1545 1638
1561 1638
1493 1634
279 1641
398 1640
303 1640
234 1635
198 1640
398 1639
303 1639
563 1635
38 1642
805 1643
436 1643
4 1643
322 1642
314 1643
329 1645
1404 1649
239 1654
610 1647
376 1649
611 1647
397 1652
1078 1652
1546 1647
1147 1647
1370 1647
579 1656
677 1647
281 1656
1293 1652
365 1654
570 1650
471 1654
550 1654
665 1654
161 1654
104 1651
630 1648
179 1650
216 1653
109 1657
157 1657
1587 1646
756 1659
477 1661
666 1661
568 1662
1154 1658
617 1659
108 1659
21 1662
484 1659
627 1664
1198 1659
285 1663
662 1659
542 1664
482 1664
972 1664
1048 1663
682 1663
1162 1663
600 1663
503 1663
401 1663
668 1663
362 1663
326 1663
313 1663
372 1665
416 1665
605 1665
428 1665
197 1665
425 1665
1233 1665
276 1665
371 1666
793 1666
852 1666
789 1668
976 1666
542 1665
1171 1666
362 1678
401 1678
1070 1671
224 1678
326 1678
250 1678
1622 1677
23 1678
600 1678
59 1678
572 1669
5 1671
131 1671
451 1671
1148 1672
313 1678
24 1672
605 1673
478 1672
422 1672
178 1675
25 1675
810 1678
189 1678
35 1677
426 1676
767 1678
542 1673
428 1673
425 1673
372 1673
197 1673
1166 1678
595 1672
381 1676
311 1680
234 1679
1436 1680
1232 1681
313 1681
789 1681
600 1681
326 1681
362 1681
401 1681
969 1682
325 1686
38 1686
1322 1686
653 1686
713 1686
731 1686
1033 1686
1207 1686
1261 1686
1496 1686
39 1686
321 1686
124 1686
110 1686
83 1686
49 1686
135 1687
543 1686
593 1685
366 1685
413 1686
322 1686
770 1691
535 1689
733 1691
465 1691
871 1688
184 1691
263 1689
181 1691
1197 1688
957 1688
880 1688
185 1689
878 1688
874 1688
625 1688
183 1691
378 1693
255 1693
75 1693
576 1692
579 1696
281 1696
1004 1695
150 1695
58 1697
1137 1701
439 1700
24 1698
366 1698
677 1698
315 1699
320 1699
410 1697
1375 1699
1193 1702
961 1702
1013 1702
1529 1702
627 1702
1084 1708
38 1708
11 1710
1201 1708
5 1704
568 1708
671 1708
1135 1708
771 1709
1389 1708
1498 1708
1521 1708
48 1709
97 1710
602 1708
448 1708
587 1708
561 1704
472 1708
197 1705
494 1704
16 1704
244 1710
312 1710
328 1710
640 1710
658 1710
679 1710
897 1710
1093 1704
234 1711
605 1705
546 1705
542 1705
428 1705
425 1705
372 1705
576 1711
1611 1713
152 1713
1619 1713
564 1714
245 1712
1645 1713
234 1715
410 1717
576 1716
234 1716
576 1715
155 1722
162 1722
163 1722
63 1721
163 1721
401 1721
240 1722
1568 1721
63 1722
516 1719
597 1722
313 1721
52 1722
401 1722
326 1722
313 1722
600 1722
789 1722
362 1722
503 1721
682 1722
158 1720
285 1722
460 1722
23 1722
159 1720
17 1724
706 1724
800 1724
1617 1724
267 1724
1576 1726
1148 1725
1616 1725
198 1725
24 1725
1473 1725
456 1726
1388 1725
169 1725
910 1725
620 1725
595 1725
422 1725
187 1729
295 1729
210 1729
367 1727
686 1728
658 1734
259 1735
824 1732
162 1732
63 1732
682 1735
23 1732
695 1732
1048 1732
1223 1730
52 1732
894 1733
440 1732
207 1733
164 1735
1405 1731
1051 1731
1130 1733
1044 1731
964 1734
197 1730
372 1730
262 1733
425 1730
428 1730
857 1730
1304 1738
262 1738
490 1738
75 1738
1024 1738
378 1738
1693 1738
1118 1737
1416 1737
1445 1737
1468 1737
1737 2150
413 1737
97 1743
1147 1741
921 1745
677 1741
330 1742
1167 1747
1149 1747
553 1742
1175 1742
515 1742
1295 1747
935 1741
312 1742
97 1742
358 1744
888 1747
497 1744
1650 1745
961 1744
430 1740
562 1740
312 1743
1652 1746
1629 1746
1293 1746
1 1744
397 1746
1078 1746
1013 1744
1193 1744
913 1744
179 1745
570 1745
35 1746
63 1751
62 1753
738 1753
163 1751
162 1751
155 1751
52 1751
670 1753
871 1750
747 1753
1688 1750
984 1750
534 1748
957 1750
80 1749
880 1750
111 1749
625 1750
874 1750
878 1750
1197 1750
109 1756
442 1756
677 1757
844 1757
1064 1757
1407 1758
242 1754
443 1756
106 1756
780 1758
165 1758
1545 1757
665 1759
672 1760
550 1759
239 1759
161 1759
8 1759
471 1759
234 1761
576 1761
713 1762
890 1763
17 1765
325 1762
413 1762
543 1762
187 1765
94 1765
1566 1764
295 1765
267 1765
210 1765
1686 1762
1033 1762
170 1767
865 1766
1470 1769
747 1769
430 1770
807 1769
630 1769
444 1769
206 1769
738 1769
37 1773
695 1776
630 1776
1011 1771
512 1776
1221 1771
95 1772
377 1772
1339 1772
954 1774
192 1773
1110 1774
164 1776
569 1775
668 1775
881 1775
1185 1772
67 1773
277 1774
291 1773
127 1773
1062 1771
164 1775
1077 1776
1446 1773
1390 1773
974 1773
639 1773
326 1775
407 1773
385 1773
353 1773
318 1773
23 1775
532 1775
307 1773
521 1773
434 1779
579 1781
281 1781
426 1783
381 1783
333 1783
1515 1782
413 1787
677 1786
246 1787
581 1787
257 1786
1642 1787
747 1784
657 1786
112 1784
65 1785
257 1785
459 1785
66 1785
807 1784
572 1789
1383 1789
1123 1788
576 1788
37 1790
974 1790
997 1790
288 1791
234 1788
324 1793
505 1797
542 1797
765 1793
358 1797
197 1797
49 1796
629 1795
731 1798
1496 1798
990 1797
1322 1798
817 1798
413 1798
49 1798
1103 1793
234 1799
1593 1803
1553 1800
1624 1803
855 1803
804 1800
1235 1800
686 1802
1067 1801
753 1803
738 1804
69 1806
743 1805
52 1806
630 1806
599 1804
780 1806
789 1806
1135 1806
1475 1806
272 1805
1523 1806
97 1805
62 1804
1470 1804
207 1805
1240 1804
54 1804
1338 1804
747 1804
121 1804
409 1804
807 1804
49 1804
175 1808
1183 1810
1092 1808
259 1810
572 1808
277 1808
1407 1810
1167 1810
688 1809
757 1807
525 1807
1149 1810
448 1810
359 1810
455 1811
291 1811
187 1813
210 1813
295 1813
995 1813
521 1811
37 1811
153 1811
1248 1812
565 1812
1773 1811
1583 1811
1390 1811
1118 1811
997 1811
974 1811
353 1811
107 1816
478 1814
422 1814
24 1814
1192 1814
1508 1814
921 1814
531 1814
1690 1815
713 1818
1313 1818
630 1817
287 1817
697 1817
1153 1817
1166 1817
1269 1817
401 1817
548 1819
1190 1819
405 1821
405 1822
465 1822
189 1817
438 1823
304 1826
606 1826
51 1825
810 1826
1096 1824
373 1824
680 1824
1114 1824
783 1828
484 1830
303 1829
617 1830
139 1829
890 1831
684 1828
1366 1830
662 1830
935 1830
1035 1830
678 1831
395 1829
681 1828
1067 1832
686 1832
338 1832
1801 1832
515 1833
470 1833
187 1833
210 1833
295 1833
995 1833
237 1836
441 1837
562 1837
994 1833
290 1842
785 1839
246 1841
911 1841
298 1840
8 1839
931 1840
550 1839
26 1842
148 1840
1591 1846
493 1846
1425 1850
643 1849
413 1849
363 1849
179 1850
180 1849
82 1850
525 1851
31 1850
757 1851
1847 1852
164 1857
260 1860
1686 1858
366 1858
340 1858
47 1858
314 1857
1033 1858
805 1857
4 1857
38 1856
1643 1857
684 1856
413 1858
1828 1856
1533 1865
162 1866
865 1861
333 1866
460 1866
546 1864
30 1865
503 1866
865 1862
166 1866
707 1866
1111 1866
943 1866
197 1864
1259 1866
605 1864
372 1864
835 1867
1233 1864
75 1865
865 1863
1149 1872
580 1868
990 1868
259 1872
505 1868
358 1868
32 1868
974 1872
1268 1859
14 1868
1404 1869
997 1872
258 1870
257 1870
657 1870
551 1872
783 1874
234 1876
117 1876
16 1876
15 1876
49 1877
543 1877
83 1877
628 1874
384 1873
413 1877
104 1875
867 1875
897 1874
1686 1877
325 1877
1033 1877
206 1878
444 1878
884 1878
659 1879
753 1881
1593 1881
1624 1881
1281 1879
1845 1882
1509 1882
1012 1882
1803 1881
869 1883
45 1887
26 1887
127 1888
662 1887
1035 1887
1121 1887
1140 1887
185 1884
757 1883
49 1887
293 1883
353 1888
520 1888
629 1883
997 1888
385 1888
521 1888
1149 1885
942 1887
684 1885
291 1888
680 1889
222 1886
1193 1890
1013 1890
969 1890
961 1890
383 1890
166 1892
1268 1890
1024 1886
574 1886
309 1886
513 1886
61 1886
62 1886
1273 1890
1259 1892
1111 1892
354 1894
583 1897
274 1897
1342 1894
111 1899
677 1893
26 1893
424 1893
102 1899
1496 1897
1824 1895
680 1895
1114 1895
1630 1898
182 1899
1410 1905
253 1900
763 1900
797 1906
327 1903
1099 1900
1622 1900
678 1905
890 1905
975 1900
270 1907
795 1900
982 1907
1461 1907
961 1907
1506 1907
1428 1907
969 1907
1396 1907
1193 1907
1013 1907
1009 1907
1416 1907
1 1908
137 1908
812 1908
312 1909
69 1913
52 1913
97 1909
78 1913
789 1913
1031 1911
1683 1912
586 1910
1880 1912
1033 1915
164 1916
512 1916
1077 1916
1037 1918
325 1919
1037 1919
816 1917
853 1919
423 1918
43 1917
1095 1918
1181 1917
310 1919
545 1919
811 1919
366 1917
1002 1921
1044 1922
1051 1922
756 1925
295 1927
995 1927
994 1927
50 1928
187 1927
876 1925
1140 1925
9 1924
402 1924
875 1925
483 1929
1903 1932
995 1931
994 1931
812 1930
560 1930
358 1930
1 1930
1008 1932
522 1930
1453 1933
83 1933
1619 1933
1033 1933
1256 1933
835 1933
543 1933
413 1933
325 1933
497 1936
522 1936
1013 1936
1709 1937
1193 1937
913 1936
1 1936
1268 1936
1752 1934
872 1936
969 1937
1193 1936
961 1936
358 1936
1013 1937
1693 1938
1653 1938
657 1934
1304 1938
995 1938
994 1938
1843 1937
216 1938
187 1938
48 1937
1308 1938
295 1938
631 1941
83 1941
670 1941
822 1941
801 1941
738 1941
112 1941
54 1941
309 1941
562 1939
225 1941
167 1941
49 1941
123 1942
613 1940
218 1939
938 1939
9 1941
290 1941
1361 1947
386 1947
105 1947
1137 1946
594 1948
1268 1945
761 1948
969 1945
1830 1950
1193 1945
1013 1945
961 1945
1610 1950
617 1950
1075 1947
876 1950
45 1950
3 1949
1035 1950
234 1944
797 1950
662 1950
638 1950
1462 1950
1366 1950
1887 1950
1140 1950
1273 1945
73 1949
1130 1949
1296 1945
1430 1945
1936 1945
676 1943
942 1950
543 1961
952 1955
80 1955
464 1955
293 1961
519 1951
312 1953
238 1951
329 1951
371 1956
846 1956
1414 1956
486 1956
463 1956
687 1956
401 1957
502 1959
438 1959
413 1959
1013 1959
550 1959
316 1958
51 1969
391 1957
175 1959
162 1957
155 1957
1845 1964
234 1963
117 1963
63 1957
52 1957
648 1959
163 1957
797 1959
49 1959
1024 1959
1322 1960
1456 1963
1075 1966
1452 1969
203 1969
573 1963
413 1960
207 1959
989 1968
1733 1959
269 1958
1093 1959
1130 1959
1193 1959
961 1959
1450 1959
1603 1959
1346 1959
753 1970
105 1970
349 1970
386 1970
258 1965
404 1965
657 1965
568 1962
477 1962
1747 1971
204 1971
1914 1973
99 1976
312 1980
246 1979
249 1975
364 1975
386 1976
232 1976
241 1977
97 1980
867 1977
757 1974
867 1978
104 1978
104 1977
331 1982
1167 1982
1183 1982
1149 1982
259 1982
325 1983
83 1983
543 1983
1453 1983
1033 1983
1933 1983
1256 1983
386 1988
1496 1986
995 1986
994 1986
585 1986
370 1984
413 1984
1660 1990
853 1989
349 1990
130 1986
1645 1985
835 1984
677 1990
99 1987
1420 1989
1626 1989
624 1987
105 1988
1174 1986
732 1984
1520 1984
803 1992
799 1992
97 1991
164 1993
1048 1993
312 1991
695 1993
99 1998
49 1994
222 1994
624 1998
817 1994
1496 1994
1739 1994
225 1994
1853 1994
568 1999
153 1996
455 1996
1583 1996
801 1998
83 1994
1798 1994
1564 2007
1496 2007
1470 2007
1397 2007
670 2007
431 2007
1293 2007
135 2005
400 2007
1615 2007
1024 2007
1753 2007
1170 2010
469 2003
352 2003
1772 2011
60 2003
597 2008
1632 2009
924 2004
204 2008
995 2001
961 2004
1013 2004
673 2000
1194 2003
2013 2272
796 2012
933 2012
799 2014
803 2014
1848 2016
1197 2015
984 2015
880 2015
625 2015
874 2015
255 2017
424 2019
976 2018
371 2018
563 2020
1238 2018
490 2020
1849 2019
1211 2020
1206 2019
1171 2018
677 2019
1638 2019
715 2021
1871 2026
583 2021
669 2024
500 2021
499 2024
1628 2024
898 2023
649 2027
1941 2028
669 2025
1034 2025
1784 2028
1470 2028
499 2025
167 2028
1628 2025
626 2026
1250 2035
438 2029
260 2033
262 2033
316 2031
255 2033
378 2033
797 2033
199 2033
1247 2031
1621 2035
1958 2031
555 2030
1047 2033
862 2033
1130 2033
1723 2035
256 2030
35 2030
49 2030
1559 2032
397 2030
1078 2030
2032 2057
797 2029
1309 2041
664 2041
789 2041
1023 2041
1305 2041
1371 2041
813 2036
1739 2041
391 2041
949 2037
948 2037
576 2036
234 2036
1551 2041
317 2038
632 2041
1154 2040
1239 2038
1820 2041
1913 2041
1581 2041
52 2041
63 2041
69 2041
1116 2041
739 2039
166 2041
240 2041
313 2041
326 2041
362 2041
78 2041
1193 2044
961 2044
1013 2044
803 2042
1461 2044
969 2044
1186 2049
677 2049
595 2049
1122 2049
1264 2049
1258 2049
869 2049
164 2048
732 2049
218 2047
1644 2049
963 2049
441 2047
910 2049
228 2045
769 2049
576 2046
1547 2049
1293 2049
249 2049
234 2046
664 2075
951 2075
353 2056
1879 2050
326 2075
1281 2050
471 2050
161 2050
825 2056
169 2056
974 2056
487 2053
630 2075
597 2075
239 2050
471 2059
510 2075
290 2051
386 2058
105 2058
52 2075
26 2055
1004 2054
170 2054
1426 2051
1075 2058
825 2055
1559 2057
26 2051
430 2057
8 2059
757 2052
550 2059
477 2059
1374 2051
1293 2067
684 2065
1262 2067
1233 2067
1154 2067
1293 2066
961 2064
840 2063
924 2064
1013 2064
996 2063
702 2062
1265 2067
1193 2064
72 2062
64 2062
343 2062
1107 2062
546 2066
605 2066
1233 2066
1457 2062
197 2066
1622 2067
1622 2066
196 2067
197 2067
546 2067
605 2067
349 2073
624 2071
99 2071
1350 2070
801 2071
69 2071
397 2072
1096 2070
947 2068
370 2068
246 2068
35 2072
246 2072
589 2078
1390 2081
1446 2081
1773 2081
1790 2081
91 2078
503 2078
23 2078
162 2078
1172 2077
313 2077
1996 2081
63 2078
155 2078
1174 2081
681 2081
974 2081
510 2078
162 2077
163 2078
460 2078
997 2081
402 2078
362 2078
326 2078
313 2078
1118 2081
440 2078
1074 2077
285 2078
326 2077
1882 2079
407 2081
521 2081
234 2080
353 2081
318 2081
307 2081
597 2078
824 2078
1074 2078
1172 2078
291 2081
192 2081
51 2079
63 2077
166 2079
600 2078
385 2081
127 2081
67 2081
37 2081
1509 2079
1568 2079
52 2077
1739 2079
1820 2079
1845 2079
576 2080
632 2079
1012 2079
630 2079
1457 2082
702 2082
72 2082
64 2082
417 2083
337 2083
644 2083
930 2083
797 2089
1037 2086
809 2089
1950 2089
1839 2089
1243 2089
1094 2089
785 2089
550 2089
1925 2089
1095 2086
1101 2087
924 2085
1013 2085
1434 2087
928 2088
78 2091
284 2091
438 2089
797 2095
438 2095
49 2095
1917 2096
593 2096
116 2096
366 2096
33 2095
76 2096
1855 2096
816 2096
228 2097
1181 2096
74 2093
1281 2092
161 2092
1519 2095
22 2092
572 2094
1503 2094
562 2094
430 2094
1879 2092
1157 2094
379 2093
1092 2094
1524 2101
1130 2100
1316 2100
1813 2100
1927 2100
1833 2100
655 2099
914 2102
881 2102
168 2102
167 2102
2098 2702
1634 2098
97 2099
505 2103
522 2103
537 2103
560 2103
1552 2103
990 2103
358 2103
131 2103
1575 2103
872 2103
1868 2103
1070 2103
1910 2104
1216 2103
587 2106
259 2106
382 2105
1293 2105
136 2106
28 2106
14 2103
421 2103
1548 2103
1930 2103
1009 2109
1985 2107
1645 2107
1118 2107
2089 2108
748 2110
606 2110
1428 2109
810 2110
653 2116
1496 2116
1686 2116
1877 2116
1959 2116
1033 2116
1322 2116
912 2116
817 2116
731 2116
543 2116
83 2116
713 2116
1127 2114
322 2116
325 2116
124 2116
39 2116
49 2116
1261 2116
79 2116
321 2116
413 2116
1130 2116
110 2116
67 2117
465 2113
1077 2114
1074 2114
632 2114
1207 2116
326 2114
285 2114
20 2116
997 2117
774 2112
252 2112
600 2114
1471 2111
302 2111
38 2116
353 2117
770 2113
183 2113
96 2115
181 2113
1760 2111
204 2112
1184 2113
1081 2119
388 2119
267 2121
1174 2119
1149 2119
1702 2122
304 2119
748 2119
606 2119
94 2121
187 2121
746 2119
810 2119
2048 2119
1790 2119
210 2121
886 2119
1529 2122
1013 2122
2110 2119
995 2121
627 2122
1193 2122
1447 2123
1447 2124
1573 2124
961 2122
295 2121
2081 2119
105 2120
964 2127
1898 2128
774 2127
702 2126
1501 2125
72 2126
64 2126
1457 2126
1630 2128
343 2126
2082 2126
658 2127
2062 2126
679 2127
51 2127
898 2125
640 2127
487 2127
361 2127
220 2127
186 2127
78 2127
1107 2126
233 2130
123 2132
386 2130
1075 2130
105 2130
293 2129
757 2129
869 2129
1332 2129
383 2130
57 2129
498 2133
509 2133
1780 2134
995 2136
994 2136
1382 2135
1381 2135
1228 2135
668 2137
682 2137
995 2140
1244 2137
295 2140
410 2137
187 2140
1137 2143
1835 2142
61 2138
9 2138
496 2143
93 2145
284 2145
1093 2144
1293 2142
1036 2143
90 2148
678 2152
997 2150
1790 2150
2072 2152
890 2152
246 2152
1763 2152
1992 2152
2014 2152
1133 2153
636 2151
2081 2150
1479 2152
1773 2150
1905 2152
1446 2150
1387 2148
1325 2148
996 2148
976 2148
748 2150
971 2150
1081 2150
754 2148
1118 2150
1174 2150
67 2150
127 2150
1390 2150
840 2148
1193 2158
714 2154
932 2154
1399 2157
910 2157
620 2157
198 2157
1461 2158
623 2155
924 2158
7 2154
253 2154
575 2154
1622 2154
1013 2158
763 2154
693 2159
579 2162
281 2162
346 2161
467 2164
1121 2169
1830 2169
1373 2164
532 2164
269 2163
437 2165
456 2163
1576 2163
1726 2163
204 2164
41 2165
1366 2169
1008 2167
1964 2165
781 2168
45 2169
49 2169
484 2169
617 2169
1903 2167
1035 2169
2108 2169
2060 2169
662 2169
942 2169
1887 2169
989 2176
910 2174
1566 2176
1384 2175
1345 2170
197 2171
566 2174
620 2174
1399 2174
1622 2171
475 2174
1350 2172
425 2171
505 2171
542 2171
990 2171
14 2174
1110 2172
372 2171
118 2173
198 2174
690 2173
693 2173
810 2178
997 2178
2183 2318
1130 2181
367 2179
353 2178
606 2178
1471 2187
870 2188
1573 2188
1268 2184
757 2189
527 2189
526 2189
525 2189
1013 2184
1514 2185
105 2184
1112 2189
1553 2194
1131 2194
259 2185
75 2186
678 2184
386 2184
429 2185
1137 2191
366 2191
227 2193
1036 2191
833 2192
793 2195
486 2195
463 2195
160 2193
367 2192
300 2197
364 2193
319 2197
6 2193
1521 2197
1498 2197
284 2197
82 2195
472 2197
602 2197
353 2198
521 2198
127 2198
78 2198
997 2198
1936 2203
302 2207
262 2207
490 2207
260 2207
255 2207
677 2206
600 2205
313 2205
315 2201
343 2204
2062 2204
615 2206
285 2205
1304 2207
401 2205
503 2205
2082 2204
1945 2203
1463 2207
920 2202
1626 2207
1193 2203
1013 2203
1268 2203
700 2203
547 2203
1597 2203
1587 2207
2004 2203
2085 2203
1130 2203
1309 2202
267 2200
800 2200
17 2200
1944 2207
1865 2207
1655 2207
1959 2203
1410 2209
593 2210
1763 2209
246 2212
1181 2210
816 2210
76 2210
366 2210
2089 2208
370 2212
1520 2212
1984 2212
1316 2211
17 2211
267 2211
822 2208
1448 2212
947 2212
2108 2208
340 2214
406 2214
431 2214
508 2214
1112 2213
601 2214
496 2215
1073 2217
1013 2217
2084 2216
961 2217
246 2217
73 2217
1193 2217
2108 2218
2089 2218
2208 2218
1236 2218
1444 2220
627 2221
1529 2221
1702 2221
2122 2221
1525 2219
1266 2219
159 2219
158 2219
1532 2220
49 2227
11 2229
136 2229
208 2229
284 2229
1747 2229
1331 2229
1805 2229
349 2226
571 2226
749 2229
2116 2230
1582 2229
716 2225
1699 2224
1375 2224
26 2223
97 2222
1909 2222
1991 2222
312 2222
1923 2224
413 2228
1980 2222
1175 2222
1505 2223
995 2238
748 2237
184 2234
527 2236
526 2236
1244 2233
1289 2231
1174 2238
410 2233
914 2233
386 2232
994 2238
3 2235
1149 2239
223 2232
672 2240
957 2232
797 2232
105 2232
319 2237
1081 2237
939 2232
248 2232
1471 2240
1760 2240
256 2232
233 2232
459 2232
1075 2241
460 2242
366 2241
593 2241
503 2242
1935 2242
914 2242
1806 2244
2182 2244
2244 2416
495 2245
164 2243
1734 2244
1193 2252
1385 2251
1681 2251
875 2248
857 2247
382 2247
1830 2246
1610 2246
969 2252
2169 2248
52 2254
69 2254
78 2254
119 2254
284 2254
2108 2248
1013 2252
1366 2246
627 2252
961 2252
1035 2246
662 2246
1140 2246
2060 2248
1534 2246
401 2251
63 2251
1925 2248
1035 2248
876 2248
600 2251
2208 2248
658 2249
597 2251
1137 2253
1064 2250
844 2250
677 2250
180 2250
753 2258
75 2259
1593 2258
1624 2258
1834 2255
1036 2253
150 2259
1356 2255
1881 2258
1533 2259
356 2256
370 2256
378 2259
676 2259
1006 2256
440 2257
34 2261
722 2261
1803 2258
164 2257
2190 2256
380 2262
163 2262
52 2262
63 2262
326 2262
898 2263
668 2262
415 2262
491 2262
503 2262
996 2268
696 2269
677 2269
670 2269
1325 2268
422 2269
1474 2268
1387 2268
918 2269
1399 2269
976 2268
507 2269
840 2268
46 2267
754 2268
105 2267
1970 2267
1803 2267
1624 2267
753 2267
1881 2267
992 2266
507 2266
26 2265
576 2264
705 2264
386 2267
448 2277
1658 2271
1232 2270
1051 2275
610 2273
992 2273
1370 2273
146 2271
284 2277
245 2271
1757 2273
1154 2271
677 2273
1380 2272
935 2273
1698 2273
1064 2273
1147 2273
576 2276
682 2278
180 2278
287 2278
314 2278
436 2278
668 2278
677 2278
371 2279
979 2278
4 2278
23 2278
1643 2278
1294 2278
164 2278
805 2278
1012 2285
762 2285
686 2285
623 2285
496 2285
367 2283
364 2285
293 2285
525 2285
1509 2285
367 2285
1124 2285
367 2286
74 2280
78 2284
405 2282
779 2282
525 2281
762 2283
757 2281
379 2280
119 2284
762 2286
1503 2291
1157 2291
251 2289
234 2290
966 2289
562 2291
312 2287
1203 2287
107 2287
97 2287
251 2288
540 2287
2150 2294
26 2293
488 2294
1445 2294
255 2295
262 2295
341 2295
1320 2295
1321 2295
1361 2298
1309 2303
920 2303
450 2297
153 2304
1403 2301
376 2305
199 2301
994 2301
523 2302
990 2307
1471 2309
1154 2307
234 2309
1225 2307
1371 2313
1964 2313
119 2313
81 2311
312 2310
97 2310
49 2308
9 2308
711 2306
100 2306
367 2312
2315 2316
27 2315
135 2318
252 2317
1112 2320
869 2319
757 2319
525 2320
527 2320
757 2320
358 2324
421 2324
522 2324
620 2323
530 2324
642 2324
646 2324
550 2327
577 2321
234 2321
24 2323
1081 2322
813 2321
1736 2323
1725 2323
576 2321
1125 2327
1243 2327
1616 2323
2089 2327
872 2324
1100 2322
319 2322
205 2327
1575 2324
595 2323
1563 2326
1148 2323
1547 2323
1094 2327
1356 2322
1548 2324
910 2323
198 2323
809 2327
1560 2322
1473 2323
572 2325
1399 2323
1552 2324
422 2323
465 2327
184 2327
1 2324
130 2327
1834 2322
745 2323
388 2330
757 2329
628 2330
385 2330
748 2330
810 2330
37 2330
353 2330
234 2331
997 2330
612 2328
2185 2328
2081 2330
1081 2330
304 2330
996 2331
1790 2330
1410 2333
148 2338
246 2333
817 2335
890 2333
1154 2332
1763 2333
239 2339
1748 2334
1537 2337
1384 2336
8 2339
1217 2334
365 2339
471 2339
448 2338
785 2339
1658 2332
186 2343
155 2343
163 2342
162 2342
525 2341
2041 2343
1116 2343
526 2341
1305 2343
527 2341
757 2341
777 2342
958 2342
92 2343
789 2342
1112 2341
1106 2342
52 2342
78 2343
503 2342
220 2343
981 2340
789 2343
777 2343
391 2343
312 2342
163 2343
162 2343
78 2342
69 2342
52 2343
69 2343
220 2342
2166 2351
1137 2344
1036 2344
366 2344
85 2344
1244 2345
1393 2348
552 2348
1154 2345
338 2348
762 2348
1658 2345
2178 2351
2117 2351
1636 2346
364 2348
19 2348
1533 2347
900 2350
496 2348
367 2348
2119 2351
899 2350
900 2349
1694 2349
75 2347
2048 2351
810 2351
2110 2351
606 2351
5 2356
16 2356
2208 2355
617 2353
11 2352
797 2353
108 2353
15 2356
78 2352
358 2356
797 2356
438 2356
484 2356
561 2356
617 2356
677 2356
696 2356
843 2356
1093 2356
1368 2356
2229 2352
374 2356
45 2353
746 2352
1586 2352
1121 2353
875 2353
876 2353
1198 2353
879 2352
1331 2352
662 2353
942 2353
2354 2436
208 2352
1582 2352
677 2353
1065 2354
484 2353
284 2352
2089 2355
1805 2352
2218 2355
756 2353
749 2352
2248 2355
2108 2355
547 2357
248 2358
574 2358
797 2358
1855 2359
49 2358
49 2357
830 2358
830 2357
670 2357
831 2358
994 2357
1024 2357
1024 2358
593 2359
1450 2357
2096 2359
1293 2357
831 2357
1195 2360
1681 2360
313 2360
326 2360
401 2360
2251 2360
1074 2360
1568 2360
362 2360
600 2360
240 2360
1222 2362
733 2362
465 2362
181 2362
770 2362
183 2362
1691 2362
1184 2362
321 2364
157 2363
109 2363
322 2364
1762 2365
1856 2365
1435 2365
430 2368
735 2366
1592 2368
2032 2368
1326 2368
2364 2369
1251 2366
993 2366
2366 3089
105 2367
386 2367
1075 2367
1481 2367
1028 2371
1267 2371
1533 2371
862 2371
677 2370
593 2370
366 2370
642 2372
15 2372
16 2372
358 2372
1231 2372
646 2372
470 2372
530 2372
547 2372
937 2375
15 2373
1070 2373
561 2373
559 2373
1876 2374
470 2373
1231 2374
156 2373
14 2373
16 2373
561 2372
27 2376
1031 2376
937 2376
50 2377
908 2377
1035 2381
876 2381
46 2380
797 2381
662 2381
484 2381
290 2381
49 2381
246 2379
25 2380
178 2380
308 2380
709 2380
848 2382
218 2379
441 2379
854 2383
886 2387
692 2387
572 2386
359 2387
892 2384
526 2385
1522 2383
920 2384
1420 2390
94 2390
26 2388
889 2389
1855 2388
411 2389
334 2389
21 2389
462 2389
1024 2391
167 2391
1015 2391
9 2391
1368 2391
1078 2391
1093 2391
1239 2394
827 2393
49 2392
1380 2395
172 2396
678 2396
758 2393
1300 2394
98 2398
969 2397
961 2399
1013 2397
627 2399
1461 2397
1945 2397
1890 2397
1193 2397
961 2397
1268 2397
256 2401
449 2401
753 2402
397 2401
219 2403
556 2400
1725 2407
910 2407
482 2411
1013 2411
1193 2411
1170 2408
1350 2406
1110 2406
1399 2407
1547 2407
102 2404
1148 2407
464 2404
595 2407
80 2404
174 2409
246 2410
198 2407
422 2407
620 2407
1537 2405
24 2407
1193 2418
755 2419
1013 2418
961 2418
924 2418
97 2412
439 2420
1739 2417
1195 2417
312 2412
312 2414
413 2420
780 2416
1195 2415
1568 2415
1681 2423
600 2423
1074 2423
308 2422
677 2422
1568 2423
921 2424
478 2424
1970 2424
1056 2430
116 2430
544 2430
1181 2430
593 2427
1685 2430
1585 2425
593 2430
1170 2429
76 2427
816 2430
366 2430
1052 2426
682 2439
738 2439
747 2439
777 2439
789 2439
807 2439
1240 2439
199 2440
401 2439
326 2439
1608 2434
91 2437
542 2437
1074 2439
1088 2438
1089 2438
1431 2438
1154 2433
1658 2433
52 2439
63 2439
155 2439
162 2439
285 2439
313 2439
1470 2439
600 2439
597 2439
362 2439
503 2439
118 2431
288 2431
327 2431
635 2431
1116 2439
192 2435
307 2435
318 2435
388 2435
684 2435
997 2435
1149 2435
259 2435
1446 2435
1183 2435
1385 2439
1338 2439
1065 2436
27 2432
937 2432
460 2439
546 2437
1773 2435
2117 2435
510 2439
1419 2431
690 2431
684 2441
516 2441
1087 2445
697 2442
401 2444
326 2444
1145 2442
1193 2443
1013 2443
961 2443
1153 2442
503 2444
449 2441
525 2446
757 2446
1525 2451
608 2448
848 2450
384 2450
170 2450
261 2447
1193 2448
374 2452
397 2452
438 2452
484 2452
513 2452
994 2454
843 2452
617 2452
797 2452
876 2452
256 2452
677 2452
1195 2455
45 2452
223 2452
1422 2452
1198 2452
1093 2452
1035 2452
35 2452
1024 2452
797 2454
833 2457
993 2453
1124 2457
735 2453
1251 2453
48 2456
1668 2458
2147 2458
1347 2459
367 2457
1036 2458
920 2456
69 2461
1212 2456
401 2461
1135 2461
789 2461
1131 2462
78 2461
284 2461
600 2461
994 2460
338 2457
510 2461
52 2461
1065 2464
388 2466
210 2466
212 2466
628 2466
215 2466
298 2466
306 2466
307 2466
312 2466
363 2466
1105 2466
130 2466
515 2466
220 2466
1262 2465
147 2466
1707 2465
367 2467
762 2467
1368 2463
1470 2463
1265 2465
1564 2463
470 2466
127 2466
448 2466
97 2466
107 2466
994 2466
798 2466
923 2466
995 2466
783 2466
748 2466
1081 2466
546 2465
416 2465
542 2465
684 2466
971 2466
1149 2466
1233 2465
38 2466
18 2466
585 2466
681 2466
407 2466
1790 2466
1521 2466
1390 2466
1183 2466
197 2465
42 2466
833 2472
1265 2468
1262 2468
1707 2468
221 2475
1289 2471
605 2468
761 2475
677 2474
1143 2473
546 2468
1133 2473
552 2472
335 2469
197 2468
961 2469
367 2472
496 2472
526 2472
1347 2469
623 2470
1289 2470
760 2473
1193 2469
1233 2468
662 2481
45 2481
1035 2481
942 2481
797 2481
677 2481
638 2481
1534 2481
235 2479
484 2481
1753 2476
615 2481
1198 2481
520 2476
756 2481
245 2482
1619 2479
2147 2480
677 2483
2032 2479
431 2476
1659 2481
1050 2479
2 2478
1070 2482
372 2482
1024 2476
974 2476
822 2476
670 2476
1084 2485
107 2488
1130 2488
1090 2486
1855 2484
1442 2485
1568 2487
1201 2485
1149 2487
1521 2485
1195 2487
1389 2485
1188 2488
259 2487
1175 2488
806 2485
568 2485
472 2485
271 2485
319 2485
448 2485
300 2485
444 2484
207 2488
272 2488
312 2488
587 2485
602 2485
175 2490
1530 2493
2194 2493
1170 2491
922 2491
107 2490
1702 2489
207 2490
272 2490
136 2492
407 2492
1131 2493
353 2497
407 2497
278 2497
448 2497
127 2497
585 2497
606 2497
628 2497
105 2495
186 2497
521 2497
810 2497
366 2500
298 2497
291 2497
748 2497
971 2497
1081 2497
1075 2495
1036 2495
1429 2496
527 2498
1404 2500
220 2497
315 2503
1306 2499
869 2501
833 2501
896 2503
757 2501
622 2503
525 2501
753 2502
1124 2501
621 2503
1585 2504
521 2505
520 2505
407 2505
388 2505
997 2505
353 2505
166 2505
606 2505
298 2505
37 2505
291 2505
2110 2505
810 2505
628 2505
974 2505
971 2505
67 2505
1077 2505
2048 2505
1174 2505
78 2505
1403 2505
192 2505
1118 2505
1081 2505
385 2505
684 2505
164 2505
525 2508
338 2507
496 2507
367 2507
1112 2508
757 2508
1389 2506
587 2506
271 2506
1521 2506
384 2513
370 2510
947 2510
1094 2511
246 2510
1520 2510
1289 2514
1289 2516
293 2518
1244 2517
2334 2522
2500 2522
228 2522
1601 2522
946 2520
1065 2516
1748 2522
410 2517
525 2518
1065 2515
762 2518
1233 2519
1289 2515
542 2519
605 2519
1557 2520
1968 2523
629 2518
1142 2522
1262 2519
367 2524
57 2525
449 2528
115 2525
179 2525
338 2524
496 2524
1393 2524
526 2524
833 2524
869 2524
1124 2524
528 2524
1896 2526
677 2527
525 2524
367 2531
757 2529
496 2531
762 2531
833 2531
496 2529
525 2529
869 2531
869 2529
1393 2531
1619 2530
1952 2532
1592 2530
629 2529
896 2534
818 2534
622 2534
621 2534
1997 2537
1274 2536
897 2541
1045 2537
2117 2533
211 2536
679 2541
981 2536
636 2535
1174 2533
1356 2533
931 2533
825 2533
783 2533
721 2533
298 2533
127 2533
1081 2539
1356 2539
640 2541
407 2533
1081 2533
148 2533
2110 2533
975 2542
332 2544
312 2543
504 2542
483 2538
1213 2538
1403 2553
440 2551
162 2551
1048 2551
750 2549
246 2549
174 2549
63 2551
52 2551
23 2551
1274 2550
824 2551
1792 2552
1172 2551
352 2554
937 2549
208 2545
220 2545
284 2545
749 2545
1371 2551
11 2545
1143 2548
78 2545
186 2545
1331 2545
1273 2558
1959 2558
2158 2558
2252 2558
1684 2558
1496 2558
2072 2558
1383 2558
1461 2558
554 2557
1213 2558
1597 2558
969 2558
413 2557
44 2557
304 2557
386 2555
1117 2556
960 2558
2217 2558
1796 2556
73 2558
700 2558
1193 2556
1248 2561
1651 2562
1269 2559
1152 2559
52 2560
1098 2561
697 2559
800 2564
1272 2564
994 2564
1724 2564
231 2564
267 2564
17 2564
94 2564
783 2565
2166 2568
1167 2568
997 2568
606 2568
681 2568
810 2568
2048 2568
1118 2568
1149 2568
407 2568
1094 2566
295 2567
210 2567
298 2568
259 2568
153 2568
291 2568
353 2568
187 2567
127 2568
67 2568
585 2568
304 2568
43 2571
526 2569
366 2571
1429 2569
1739 2570
1820 2570
1181 2571
1568 2570
474 2574
246 2577
650 2574
1309 2578
1251 2572
1748 2572
2334 2572
164 2574
2117 2574
2178 2574
2505 2574
1035 2575
1830 2575
367 2576
1739 2578
524 2576
496 2576
762 2576
98 2579
246 2580
350 2583
2309 2583
235 2585
1471 2583
308 2583
2226 2584
895 2582
1990 2584
841 2584
699 2582
496 2582
2141 2581
2076 2584
995 2587
1587 2587
1420 2587
1626 2587
994 2587
1304 2587
1653 2587
1655 2587
1927 2587
1938 2587
216 2587
1794 2593
195 2590
277 2589
167 2594
413 2594
247 2594
746 2588
1293 2594
738 2594
747 2594
1273 2594
1057 2588
961 2594
1523 2588
220 2588
1774 2592
2414 2592
118 2591
954 2592
277 2592
1268 2594
1627 2591
708 2590
1013 2594
78 2588
186 2588
807 2594
154 2596
111 2596
80 2596
182 2596
952 2596
745 2595
1167 2598
841 2601
514 2599
1660 2601
1500 2601
677 2602
844 2602
1577 2602
1253 2602
1079 2597
507 2602
1149 2598
485 2599
1756 2602
994 2604
1835 2603
1527 2597
1545 2602
259 2598
2486 2597
127 2598
385 2598
1004 2605
1122 2605
1320 2608
779 2607
597 2606
163 2606
401 2606
1321 2608
593 2609
1879 2611
1426 2610
544 2609
816 2609
366 2609
290 2610
1891 2613
1281 2611
855 2612
1181 2609
266 2615
257 2614
657 2614
258 2614
164 2624
12 2616
442 2616
606 2621
220 2627
1890 2619
890 2619
870 2619
259 2627
920 2620
1790 2627
1420 2626
50 2625
1441 2622
908 2625
1304 2626
408 2627
443 2616
74 2618
1587 2626
1077 2624
216 2626
388 2627
695 2624
2587 2626
1153 2624
2002 2627
379 2618
2048 2621
1083 2627
1106 2627
2505 2621
18 2627
472 2627
448 2627
1655 2626
1626 2626
1167 2627
628 2627
1183 2627
1389 2627
1521 2627
1149 2627
748 2627
585 2627
997 2627
337 2617
424 2617
677 2617
829 2617
2178 2621
2166 2621
2627 3087
2110 2621
810 2621
1081 2627
2351 2621
974 2627
1430 2629
1193 2629
1013 2629
961 2629
994 2631
444 2629
1878 2629
1304 2631
1938 2631
739 2630
1524 2628
1593 2630
1803 2630
1970 2630
2382 2628
1961 2628
753 2630
2513 2628
216 2631
310 2633
562 2633
2006 2641
193 2634
1708 2634
897 2634
2485 2634
1389 2634
1521 2634
894 2634
1096 2636
2159 2638
46 2635
1455 2638
1346 2638
693 2638
454 2638
98 2638
53 2635
1119 2638
89 2635
483 2635
1768 2637
1213 2635
1204 2636
23 2636
2538 2635
25 2635
1929 2635
321 2642
731 2642
322 2642
1026 2643
976 2643
1613 2644
234 2643
1325 2643
1474 2643
1171 2643
1533 2643
1666 2643
1061 2643
996 2643
2250 2644
257 2644
404 2644
459 2644
1387 2643
657 2644
844 2644
1786 2644
1064 2644
793 2643
66 2644
1774 2645
277 2645
838 2649
1620 2646
1855 2647
1131 2648
2540 2646
1926 2646
2511 2650
2355 2650
542 2652
2089 2650
2108 2650
2208 2650
366 2653
2248 2650
762 2654
372 2652
593 2653
1463 2655
1316 2656
800 2656
2522 2659
470 2656
295 2656
267 2656
995 2656
231 2656
1173 2656
711 2656
2334 2659
2466 2656
1118 2657
2107 2657
187 2656
210 2656
234 2655
228 2659
813 2655
1158 2655
1601 2659
230 2660
1964 2661
1428 2663
1060 2662
2114 2661
102 2663
2477 2661
2455 2661
2360 2661
2417 2661
1195 2661
1469 2664
354 2665
354 2666
436 2668
444 2667
1455 2667
1878 2667
851 2670
1077 2668
1575 2667
557 2667
2558 2667
1785 2671
246 2668
994 2670
1154 2669
1475 2667
2301 2667
995 2670
413 2669
49 2669
2072 2667
1430 2667
1403 2667
1268 2667
1193 2667
1013 2667
801 2667
2553 2667
678 2668
2190 2672
1086 2668
2668 2950
2624 2668
2445 2668
1763 2668
1166 2668
1905 2668
1857 2668
547 2667
246 2672
164 2668
805 2668
356 2672
2243 2668
183 2671
370 2672
2614 2671
2362 2671
1870 2671
890 2668
1934 2671
1546 2671
657 2671
459 2671
257 2671
4 2668
2542 2675
846 2676
52 2681
155 2681
518 2676
1862 2682
1232 2681
240 2681
313 2681
1305 2681
936 2676
1074 2681
1371 2681
2391 2675
1406 2676
789 2681
241 2679
2415 2681
600 2681
391 2681
597 2681
510 2681
1476 2678
2361 2676
401 2681
2172 2677
1195 2681
1477 2678
362 2681
326 2681
2034 2680
1110 2677
1385 2681
1116 2681
481 2678
2360 2681
1964 2681
366 2678
340 2678
133 2678
431 2678
1739 2681
1681 2681
1293 2675
2357 2675
2358 2675
1581 2681
1568 2681
1845 2681
1820 2681
1099 2675
2417 2681
406 2678
508 2678
601 2678
2455 2681
2661 2681
1251 2673
2260 2674
2477 2681
1080 2675
975 2675
504 2675
419 2675
7 2675
2214 2678
902 2678
390 2685
50 2687
597 2683
629 2684
152 2686
789 2683
869 2684
163 2683
1751 2683
155 2683
166 2683
516 2686
290 2685
413 2686
235 2686
423 2686
908 2687
250 2685
325 2686
401 2683
52 2683
391 2683
285 2683
313 2683
326 2683
1919 2686
1256 2686
1179 2686
787 2686
1619 2686
908 2688
1095 2686
2168 2685
1426 2685
50 2688
1037 2686
1413 2685
866 2685
781 2685
63 2683
162 2683
1453 2686
1050 2686
1033 2686
1609 2689
2650 2691
2196 2693
413 2690
1608 2689
2566 2691
2511 2691
2218 2691
1094 2691
994 2692
1130 2692
2355 2691
2248 2691
2208 2691
2108 2691
2089 2691
648 2692
2524 2695
338 2695
1124 2695
180 2698
115 2698
434 2698
657 2698
57 2699
2457 2695
404 2698
2192 2695
1141 2699
735 2697
869 2695
833 2695
525 2695
367 2695
2501 2695
496 2694
684 2696
974 2696
2505 2696
2180 2695
338 2694
2614 2703
1934 2703
1854 2701
2328 2700
657 2703
2250 2703
1508 2702
1965 2703
2509 2703
1981 2705
1045 2704
2314 2706
2299 2706
684 2708
399 2713
407 2713
448 2713
2338 2713
148 2713
585 2713
1840 2713
1874 2713
2466 2708
2441 2708
1778 2713
2558 2709
1701 2710
2494 2712
1193 2709
1013 2709
961 2709
630 2713
892 2709
1284 2713
22 2711
161 2711
239 2711
471 2711
785 2711
8 2711
1149 2718
284 2718
1317 2715
2092 2715
1759 2715
2452 2716
550 2715
1830 2717
1121 2716
1335 2718
1654 2715
665 2715
8 2715
1452 2718
471 2715
666 2718
239 2715
1813 2719
295 2719
210 2719
365 2715
187 2719
161 2715
2575 2717
1610 2717
1130 2719
69 2718
1927 2719
259 2718
1308 2719
2246 2717
2355 2717
2481 2717
216 2716
438 2716
484 2716
507 2716
843 2716
2108 2717
797 2716
2060 2717
1140 2717
1093 2716
1867 2714
1833 2719
1765 2719
995 2719
835 2714
1887 2717
756 2717
875 2717
1035 2717
1729 2719
1854 2725
1093 2722
1302 2724
2048 2723
1161 2725
2512 2730
2621 2723
2505 2723
2466 2723
2178 2723
2110 2723
1855 2721
1185 2721
2119 2723
2117 2723
2351 2723
1174 2723
1081 2723
1844 2729
768 2724
2166 2723
246 2727
677 2729
2304 2729
9 2722
49 2722
407 2724
431 2724
83 2722
1452 2724
547 2722
1655 2724
1015 2722
924 2722
1368 2722
2357 2722
2391 2722
1738 2726
2006 2720
70 2724
2641 2720
2483 2729
2198 2724
2463 2722
246 2732
961 2732
1013 2732
1193 2732
364 2735
2563 2736
1945 2732
1430 2732
1936 2732
2146 2736
2707 2731
2177 2736
14 2733
1450 2739
341 2739
1028 2739
912 2738
1267 2739
1093 2739
325 2738
817 2738
1368 2739
831 2739
15 2733
1496 2738
16 2733
561 2733
71 2733
470 2733
284 2734
547 2733
587 2734
2391 2739
2174 2739
2357 2739
2371 2739
2356 2739
1258 2733
1582 2734
1808 2734
49 2738
246 2737
2727 2737
2547 2740
989 2742
908 2742
858 2741
22 2728
164 2744
2048 2744
606 2744
1935 2746
234 2747
2242 2746
308 2747
2233 2746
526 2748
954 2746
103 2745
1092 2746
813 2747
1244 2746
277 2746
2089 2750
1994 2750
817 2750
182 2745
111 2745
1515 2746
1567 2749
1314 2758
1086 2758
1313 2758
97 2757
1324 2757
1380 2753
1170 2756
272 2757
312 2757
805 2758
922 2756
1165 2752
1508 2755
266 2754
1332 2755
921 2755
570 2755
1386 2755
314 2758
1507 2755
956 2755
950 2751
57 2755
602 2759
705 2765
1881 2765
1075 2762
587 2759
105 2763
671 2759
677 2760
2402 2765
2502 2763
2449 2763
2267 2763
383 2763
1803 2765
284 2759
507 2760
448 2759
844 2760
2734 2759
1253 2760
386 2762
314 2766
2387 2759
1086 2766
1314 2766
1227 2761
1582 2759
1521 2759
1064 2760
805 2766
973 2760
1442 2759
1389 2759
1201 2759
1135 2759
472 2759
1545 2760
992 2760
2096 2764
1952 2767
2484 2764
105 2768
2370 2764
2359 2764
1855 2764
2411 2764
677 2764
593 2764
366 2764
1171 2768
2268 2768
2474 2768
2069 2769
1013 2764
1112 2770
757 2770
525 2770
1702 2773
167 2771
1450 2771
57 2779
1529 2773
2357 2771
1024 2771
2463 2771
2722 2771
1368 2771
478 2779
1015 2771
547 2771
2391 2771
994 2775
2122 2773
2001 2774
1745 2779
995 2775
1813 2775
1927 2775
570 2779
607 2779
972 2773
482 2773
2199 2772
921 2779
1341 2779
251 2772
627 2773
1386 2779
2568 2777
2505 2777
2351 2777
606 2777
748 2777
684 2777
768 2777
2117 2777
810 2777
2277 2777
628 2777
2119 2777
353 2777
2776 2820
148 2777
164 2777
298 2777
319 2777
127 2777
77 2776
585 2777
1127 2780
1165 2776
2718 2777
632 2780
886 2777
407 2777
2237 2777
1083 2777
1106 2777
2081 2777
277 2778
1174 2777
1390 2777
1773 2777
1790 2777
1828 2777
1856 2777
2239 2777
1885 2777
1452 2777
2110 2777
1888 2777
2198 2777
971 2777
1081 2777
2166 2777
2178 2777
2048 2777
2696 2777
2466 2777
2723 2777
2724 2777
2139 2777
1181 2784
359 2781
1913 2788
1000 2785
789 2788
52 2788
78 2788
1389 2781
366 2784
602 2781
2343 2788
69 2788
593 2784
679 2785
186 2788
1605 2781
833 2782
2783 2786
1442 2781
1498 2781
2490 2781
2461 2788
367 2782
1065 2787
2457 2782
2192 2782
640 2785
2436 2787
2180 2782
1191 2790
1204 2792
1293 2789
1075 2791
1350 2790
1096 2792
2172 2792
1247 2789
1350 2792
1110 2792
1081 2795
1404 2797
1550 2797
2500 2797
179 2800
570 2800
921 2800
1650 2800
1745 2800
1674 2801
366 2794
995 2795
2539 2795
2533 2795
2165 2795
2428 2801
1174 2795
1927 2795
1885 2795
1356 2795
1253 2801
994 2795
1357 2797
783 2795
593 2794
628 2795
585 2795
2096 2794
448 2795
407 2795
312 2795
298 2795
13 2795
1181 2794
748 2795
716 2796
568 2798
2728 2793
1962 2798
358 2799
522 2799
1575 2799
1568 2802
1820 2802
2292 2803
1706 2803
3 2804
147 2804
1949 2804
620 2810
216 2810
210 2810
1966 2808
19 2806
367 2806
1989 2810
1578 2810
1093 2810
853 2810
2552 2805
761 2808
114 2809
1792 2805
545 2810
619 2810
2001 2810
1570 2806
1401 2805
1297 2805
1398 2807
338 2806
1332 2809
810 2814
606 2814
2643 2816
2340 2816
2180 2811
677 2813
996 2816
840 2816
935 2813
1757 2813
2457 2811
338 2811
2110 2814
1356 2814
1834 2814
2048 2814
1064 2813
793 2816
1147 2813
1370 2813
1741 2813
2117 2814
2119 2814
2743 2817
1100 2814
1354 2814
450 2813
2166 2814
1855 2813
190 2816
2351 2814
2505 2814
2533 2814
2539 2814
2273 2813
1124 2811
1067 2811
2621 2814
1171 2816
2723 2814
833 2811
2568 2814
1165 2820
2178 2814
2290 2816
2063 2816
1414 2816
1417 2815
2777 2814
2484 2813
686 2811
1387 2816
367 2811
183 2822
1222 2822
15 2823
16 2823
290 2823
1063 2825
465 2822
309 2823
413 2823
539 2823
181 2822
1146 2819
1012 2821
1184 2822
770 2822
1777 2824
1842 2823
177 2822
1249 2823
719 2823
561 2823
1426 2823
2178 2828
2351 2828
2108 2827
2621 2828
2723 2828
2744 2828
1739 2829
2166 2828
1652 2828
1074 2829
1422 2827
2089 2827
797 2827
2814 2828
1948 2826
1195 2829
600 2829
2661 2829
1568 2829
2119 2828
2117 2828
2048 2828
2360 2829
810 2828
2681 2829
2218 2827
2208 2827
2110 2828
1845 2829
401 2829
1721 2829
606 2828
1430 2830
623 2832
2413 2831
2004 2830
924 2830
316 2835
358 2833
270 2833
327 2833
1907 2833
2450 2834
2306 2835
2089 2833
1363 2834
382 2835
848 2834
384 2834
2812 2833
857 2835
812 2830
1981 2836
2773 2833
2640 2833
2639 2833
1328 2835
439 2838
1700 2838
2334 2837
2522 2837
1217 2837
1748 2837
2217 2839
961 2839
2709 2839
2558 2839
2418 2839
2397 2839
1268 2839
2203 2839
1130 2839
1013 2839
969 2839
2044 2839
1959 2840
1496 2840
1193 2839
1496 2841
890 2843
678 2843
449 2843
49 2841
1338 2841
2448 2843
1452 2841
670 2841
9 2841
54 2841
37 2841
738 2841
225 2841
400 2841
431 2841
504 2841
630 2841
1397 2841
20 2841
1753 2841
1615 2841
1024 2841
746 2841
1784 2841
1470 2841
2648 2842
2493 2842
974 2841
975 2841
1083 2841
1106 2841
747 2841
1240 2841
1293 2841
2391 2841
2358 2841
2357 2841
2022 2841
2007 2841
1972 2841
1969 2841
1149 2841
877 2844
550 2845
471 2845
785 2845
8 2845
2355 2845
1178 2845
1839 2845
1281 2845
1243 2845
1094 2845
2089 2845
154 2849
468 2847
80 2849
920 2846
2620 2846
1935 2851
515 2856
540 2856
846 2853
2415 2852
961 2855
969 2855
1013 2855
1189 2851
1461 2855
1684 2855
1465 2856
49 2850
662 2850
1619 2850
1193 2855
1430 2855
2233 2851
2741 2853
2158 2855
1887 2850
2066 2854
1707 2854
1424 2854
1233 2854
605 2854
546 2854
2732 2855
2079 2852
2217 2855
197 2854
2381 2850
1568 2852
1667 2852
1739 2852
1820 2852
1845 2852
1945 2855
1055 2864
2534 2864
2466 2863
2463 2859
1081 2863
2651 2864
903 2864
2381 2859
1174 2863
896 2864
1935 2859
369 2864
2503 2864
2233 2859
1383 2859
914 2859
863 2859
168 2859
132 2859
315 2864
622 2864
1360 2864
148 2859
1316 2865
1019 2858
1617 2864
2521 2858
1251 2861
2632 2861
2673 2861
1808 2862
162 2866
163 2866
277 2866
2211 2865
794 2861
1312 2858
586 2858
581 2858
572 2866
1092 2866
994 2865
171 2865
851 2865
2104 2858
1838 2869
2101 2867
2129 2867
2809 2867
1961 2867
2818 2867
2513 2867
293 2867
1379 2867
543 2867
1485 2868
2382 2867
1524 2867
1927 2870
127 2870
148 2870
628 2870
407 2870
585 2870
2795 2870
298 2870
2466 2870
1268 2871
1986 2870
1174 2870
2081 2870
1273 2871
1890 2871
1296 2871
1318 2871
995 2870
2639 2872
1768 2880
553 2874
515 2874
312 2874
1258 2881
207 2874
97 2874
2871 2879
547 2875
600 2878
215 2874
1170 2877
1188 2874
655 2874
234 2881
923 2874
1953 2874
2099 2874
2310 2874
2466 2874
2618 2874
922 2876
1170 2876
1175 2874
630 2878
922 2877
69 2896
1231 2881
119 2896
1293 2881
2722 2875
1371 2878
2739 2875
2771 2875
2357 2875
1820 2878
2174 2875
1293 2875
910 2875
52 2896
1385 2878
2391 2875
1842 2881
1263 2878
2074 2896
1526 2881
1232 2878
1622 2881
2373 2881
344 2896
1651 2873
620 2875
1875 2873
632 2878
2374 2881
413 2884
2505 2884
1648 2883
1172 2883
1048 2883
2042 2885
1944 2885
2657 2884
1371 2883
803 2885
630 2883
997 2884
2178 2884
2081 2884
704 2885
1248 2886
804 2882
2568 2884
2621 2884
1553 2882
2119 2884
2107 2884
705 2885
1118 2884
179 2894
1208 2893
1345 2890
1149 2890
1161 2890
959 2893
1167 2890
1363 2888
259 2890
29 2889
2118 2893
170 2888
77 2893
1871 2890
2043 2893
1647 2889
1854 2890
2450 2888
1891 2892
1227 2894
97 2895
1175 2895
1215 2891
42 2895
623 2887
1703 2891
2098 2894
105 2893
1335 2890
115 2889
611 2889
489 2889
447 2894
1650 2897
2755 2897
919 2899
2743 2900
1508 2897
179 2897
2586 2898
921 2897
570 2897
1507 2897
675 2903
797 2901
1094 2901
996 2903
438 2901
2149 2905
840 2903
2355 2901
2707 2902
550 2906
785 2906
1026 2903
243 2903
2089 2901
234 2903
1839 2901
413 2906
2776 2910
77 2910
1165 2910
1901 2907
2256 2907
1902 2907
593 2914
816 2914
2611 2909
1181 2914
366 2914
2460 2913
2378 2913
2301 2913
2296 2913
2841 2911
2096 2914
2463 2911
1470 2911
670 2911
1615 2911
1753 2911
49 2911
1917 2914
2007 2911
1972 2911
1685 2914
76 2914
225 2911
9 2911
1121 2908
2573 2909
1564 2911
2353 2908
1310 2908
1545 2908
1659 2908
2206 2908
1276 2908
1064 2908
844 2908
843 2908
2029 2908
617 2908
797 2908
1085 2908
594 2912
761 2912
1948 2912
1014 2912
1082 2909
2857 2904
438 2908
484 2908
526 2920
272 2918
1389 2918
1521 2918
1201 2918
1763 2920
438 2922
526 2924
2213 2920
259 2921
1167 2921
210 2918
2524 2920
1882 2920
1718 2917
797 2922
1149 2921
234 2915
576 2915
193 2919
783 2919
2137 2916
897 2919
813 2915
1093 2922
1349 2916
410 2916
1166 2916
2233 2916
1244 2916
623 2924
686 2924
471 2925
365 2925
239 2925
665 2925
1995 2926
161 2925
313 2923
326 2923
240 2923
217 2923
163 2923
162 2923
155 2923
550 2925
164 2923
285 2923
63 2923
401 2923
1317 2925
1270 2925
440 2923
402 2923
2851 2923
2137 2923
860 2923
589 2923
460 2923
1244 2923
410 2923
362 2923
23 2923
52 2923
957 2927
2339 2925
1654 2925
415 2923
1552 2929
285 2931
2830 2929
326 2931
62 2930
1575 2929
1548 2929
817 2930
54 2930
421 2929
522 2929
537 2929
986 2929
358 2929
913 2929
2160 2928
543 2930
409 2930
503 2931
413 2930
600 2931
1074 2931
1127 2931
2114 2931
2736 2931
34 2932
2563 2931
401 2931
2439 2931
362 2931
313 2931
49 2930
149 2930
1827 2932
711 2933
1173 2933
231 2933
267 2933
295 2933
187 2933
1343 2936
800 2933
2643 2936
1029 2933
995 2933
870 2938
17 2933
994 2933
235 2935
2479 2935
1291 2936
1316 2933
865 2935
1050 2935
2686 2935
1724 2933
190 2936
1171 2936
751 2936
996 2936
579 2937
281 2937
576 2934
452 2936
2484 2940
2411 2940
2370 2940
2359 2940
1217 2939
1748 2939
1855 2940
1013 2940
593 2940
2096 2940
366 2940
2273 2941
2269 2941
2266 2941
2607 2941
2020 2941
2407 2941
691 2941
2157 2941
2623 2941
1211 2941
1399 2941
1698 2941
1388 2941
1231 2941
595 2941
198 2941
422 2941
1449 2941
1547 2941
156 2942
16 2942
5 2942
1015 2942
693 2943
1451 2943
118 2943
2391 2942
581 2944
1093 2942
1368 2942
1450 2942
1704 2942
2722 2942
98 2943
2579 2943
2278 2950
1592 2949
906 2947
1070 2946
1093 2946
2032 2949
1641 2949
1993 2949
2949 3004
1388 2951
2090 2947
5 2946
235 2949
198 2951
2579 2948
1326 2949
1050 2949
1037 2949
105 2945
2530 2949
531 2951
620 2951
865 2950
422 2951
1547 2951
1877 2952
279 2952
677 2958
593 2958
366 2958
325 2952
543 2952
164 2956
744 2952
1064 2954
835 2952
1867 2952
1256 2952
1179 2952
1095 2952
1037 2952
1918 2952
695 2956
1153 2956
186 2955
1121 2958
477 2953
1990 2958
2715 2953
142 2957
2300 2959
161 2953
1855 2958
540 2957
677 2954
2466 2957
2299 2959
97 2957
1196 2956
220 2955
1077 2956
2484 2958
2370 2958
2359 2958
2096 2958
1654 2953
526 2962
1594 2963
1542 2963
1553 2963
693 2962
1524 2963
1760 2963
2061 2963
1661 2960
1235 2963
2309 2963
1694 2961
705 2963
290 2969
777 2966
1086 2966
1116 2966
526 2965
1314 2966
1426 2969
1313 2966
584 2969
1924 2964
574 2964
663 2964
513 2964
1082 2969
419 2964
9 2964
225 2964
125 2964
61 2964
49 2964
664 2966
1080 2964
630 2966
510 2966
2610 2969
2381 2969
430 2967
562 2967
572 2967
938 2967
1092 2967
1157 2967
1503 2967
23 2966
2854 2968
542 2968
2465 2968
1707 2968
1424 2968
1265 2968
1262 2968
2131 2965
52 2966
2138 2964
285 2966
2519 2968
1027 2972
598 2972
234 2972
2894 2970
816 2971
366 2971
2914 2971
448 2971
593 2971
2571 2971
2355 2974
1114 2973
2208 2974
2108 2974
2089 2974
1839 2974
1094 2974
797 2974
2218 2974
1824 2973
2511 2974
2691 2974
2827 2974
438 2974
26 2976
1967 2975
1888 2978
353 2978
2252 2978
291 2978
903 2977
698 2977
896 2977
315 2977
1680 2981
401 2984
1376 2981
1330 2981
1220 2981
629 2983
362 2984
313 2984
1041 2981
38 2981
145 2985
367 2983
525 2983
600 2984
1862 2982
685 2985
326 2984
865 2982
503 2984
413 2981
2500 2985
1853 2981
857 2980
1357 2985
2658 2979
1069 2979
791 2983
869 2983
1883 2983
2931 2984
1404 2985
1758 2984
1568 2984
2681 2984
1180 2984
1160 2984
664 2984
632 2984
630 2984
757 2983
634 2983
717 2982
1407 2984
2833 2990
788 2989
1862 2986
1567 2987
413 2990
2533 2990
1093 2991
1755 2988
2810 2991
545 2992
853 2992
1578 2992
2810 2992
1283 2986
1130 2991
2615 2994
266 2994
2808 2996
890 2993
2826 2996
989 2995
2600 2995
1966 2995
870 2993
1948 2996
2417 2997
1195 2997
2852 2997
1568 2997
2455 2997
2421 2997
1820 2997
1605 2999
97 2999
1997 3001
207 2999
1521 2999
210 2999
312 2999
894 2999
1389 2999
1442 2999
1188 2999
1816 2999
1490 3000
2976 2998
45 2998
897 2999
1175 3008
312 3008
97 3008
1470 3006
825 3006
601 3006
1990 3010
508 3006
406 3006
1994 3005
133 3006
2456 3005
1700 3005
1654 3005
1013 3005
2894 3010
481 3006
2474 3010
1980 3008
340 3006
1407 3009
431 3006
447 3010
439 3005
961 3005
430 3004
1853 3002
1326 3004
1592 3004
371 3007
255 3007
1966 3003
2032 3004
57 3010
1320 3007
463 3007
1496 3002
82 3007
2368 3004
1956 3010
846 3010
87 3007
2973 3012
680 3012
1114 3012
2279 3011
689 3013
1956 3011
231 3016
187 3016
94 3016
17 3016
1602 3015
322 3015
321 3015
677 3014
1490 3018
2121 3016
284 3017
886 3017
2387 3017
267 3016
1304 3016
295 3016
1813 3016
994 3016
462 3018
800 3016
1964 3019
2719 3016
2567 3016
2564 3016
2390 3016
2415 3019
1833 3016
1653 3016
1420 3016
1308 3016
1130 3016
995 3016
1927 3016
601 3023
3006 3023
2678 3023
417 3021
133 3023
930 3021
1477 3023
508 3023
1476 3023
902 3023
406 3023
340 3023
2083 3021
431 3023
2420 3026
2182 3024
583 3022
2214 3023
2768 3025
2643 3025
2268 3025
2474 3025
1637 3022
1960 3026
1322 3026
413 3026
2244 3024
623 3020
1397 3028
1927 3031
1959 3031
2378 3030
775 3027
2860 3032
2670 3031
2719 3031
2840 3031
1871 3029
1130 3031
1754 3032
277 3027
1418 3028
1813 3031
362 3028
1144 3029
707 3028
943 3028
1259 3028
1039 3028
994 3031
401 3028
1319 3029
783 3029
897 3029
1774 3027
968 3027
326 3028
2666 3033
354 3033
1210 3033
1411 3033
1322 3034
3015 3034
321 3034
1602 3034
2642 3034
267 3038
711 3038
1252 3037
17 3038
757 3037
94 3038
386 3037
345 3040
1013 3039
2122 3039
627 3039
961 3039
1193 3039
1702 3039
1948 3035
105 3037
788 3036
1420 3038
2722 3044
231 3043
210 3043
2771 3044
1130 3043
472 3045
1316 3043
2391 3044
187 3043
994 3043
2875 3044
1024 3044
1677 3044
1078 3044
995 3043
587 3045
267 3043
201 3042
2607 3042
284 3045
220 3045
295 3043
2357 3044
2724 3045
1959 3044
3017 3045
2387 3045
1913 3045
737 3044
886 3045
136 3045
1765 3043
746 3045
2734 3045
831 3044
2759 3045
2342 3041
1135 3045
547 3044
1813 3043
1833 3043
1927 3043
167 3044
2664 3041
703 3045
2719 3043
1469 3041
2567 3043
2941 3042
98 3049
1444 3050
1532 3050
2428 3046
2367 3050
38 3047
273 3048
1260 3050
1440 3051
606 3051
681 3051
1452 3051
2777 3051
2081 3051
2048 3051
746 3051
2117 3051
2110 3051
2960 3051
385 3051
353 3051
37 3051
2387 3051
127 3051
2723 3051
1167 3051
885 3051
2166 3051
2505 3051
2568 3051
974 3051
997 3051
1118 3051
1149 3051
1174 3051
1790 3051
472 3053
2718 3053
2277 3053
746 3053
3045 3053
2724 3053
1885 3053
1270 3054
1841 3052
1445 3057
2672 3052
370 3052
356 3052
1448 3052
2190 3052
161 3054
239 3054
471 3054
1317 3054
143 3052
1759 3054
1654 3054
592 3055
1920 3057
665 3054
2003 3057
1670 3058
2274 3057
2294 3057
488 3057
50 3056
908 3056
2150 3057
1856 3060
1885 3060
1968 3065
1938 3066
1653 3066
1304 3066
994 3066
905 3066
2696 3060
1174 3060
1931 3060
2723 3060
1828 3060
2546 3061
2367 3061
1081 3060
684 3060
1904 3060
2505 3060
1653 3067
2631 3066
508 3062
2387 3068
3053 3068
1938 3067
746 3059
2762 3061
1541 3063
606 3068
886 3068
2781 3068
1195 3062
900 3064
3045 3068
3017 3068
2455 3062
2661 3062
1075 3061
1342 3063
105 3061
1452 3059
97 3067
899 3071
2089 3073
969 3072
2181 3070
320 3072
465 3073
809 3073
1094 3073
1125 3073
2108 3073
1461 3072
2511 3073
1684 3072
184 3073
2197 3076
2741 3071
2044 3072
2430 3071
453 3073
900 3071
2355 3073
2156 3071
994 3074
1013 3072
143 3075
49 3069
413 3069
2485 3076
2955 3076
1521 3076
653 3069
885 3074
2558 3072
332 3074
1498 3076
961 3072
284 3076
1212 3074
78 3076
220 3076
1964 3076
1193 3072
2411 3072
2344 3071
1855 3078
2359 3078
1434 3077
2958 3078
1102 3077
246 3084
1873 3081
744 3083
2848 3080
1955 3080
2958 3079
2764 3079
2370 3079
2484 3079
1855 3079
1448 3084
2190 3084
947 3084
2940 3079
804 3082
435 3082
2359 3079
2101 3086
2563 3086
2513 3086
2148 3086
1948 3085
2736 3086
1171 3086
1954 3086
2177 3086
1524 3086
1584 3086
2017 3086
2808 3085
